# oST version 5.0 parameters


[image]

width
640

height
480

[narrow_stereo]

camera matrix
483.414920 0.000000 313.032707
0.000000 483.174405 246.104537
0.000000 0.000000 1.000000

distortion
0.163854 -0.227186 -0.003178 0.002922 0.000000

rectification
1.000000 0.000000 0.000000
0.000000 1.000000 0.000000
0.000000 0.000000 1.000000

projection
496.846985 0.000000 314.181145 0.000000
0.000000 497.401245 244.341428 0.000000
0.000000 0.000000 1.000000 0.000000
